0 22
1 22
2 36
3 19
4 22
5 22
6 19
7 52
8 84
9 68
10 84
11 19
12 19
13 19
14 19
15 19
16 19
17 19
18 19
19 6
20 68
21 84
22 19
23 84
24 68
25 19
26 68
27 68
28 22
29 19
30 52
31 52
32 84
33 84
34 84
35 84
36 68
37 84
38 84
39 84
40 68
41 68
42 84
43 84
44 84
45 68
46 75
47 68
48 68
49 68
50 77
51 77
52 74
53 68
54 68
55 19
56 84
57 68
58 77
59 33
60 33
61 54
62 33
63 33
64 77
65 77
66 59
67 51
68 77
69 77
70 52
71 52
72 14
73 91
74 14
75 52
76 52
77 52
78 52
79 14
80 49
81 3
82 52
83 34
84 14
85 77
86 59
87 14
88 32
89 59
90 52
91 14
92 52
93 59
94 91
95 90
96 91
97 91
98 14
99 59
100 59
101 59
102 89
103 51
104 51
