0 169
1 110
2 212
3 100
4 122
5 283
6 54
7 25
8 33
9 352
10 32
11 113
12 66
13 264
14 264
15 6
16 284
17 183
18 110
19 216
20 53
21 212
22 216
23 297
24 124
25 93
26 57
27 248
28 122
29 99
30 212
31 173
32 151
33 266
34 137
35 92
36 50
37 184
38 61
39 164
40 296
41 7
42 362
43 66
44 207
45 89
46 63
47 96
48 108
49 267
50 134
51 206
52 375
53 273
54 52
55 269
56 335
57 146
58 386
59 165
60 346
61 52
62 343
63 343
64 264
65 131
66 131
67 264
68 372
69 186
70 298
71 184
72 31
73 27
74 232
75 292
76 39
77 334
78 49
79 94
80 198
81 334
82 372
83 59
84 127
85 33
86 210
87 79
88 146
89 270
90 289
91 366
92 117
93 239
94 257
95 332
96 278
97 360
98 171
99 293
100 99
101 168
102 362
103 365
104 296
105 289
106 248
107 200
108 250
109 313
110 132
111 248
112 172
113 375
114 172
115 212
116 91
117 183
118 110
119 6
120 114
121 212
122 395
123 1
124 59
125 130
126 119
127 15
128 132
129 64
130 75
131 204
132 204
133 379
134 379
135 28
136 28
137 134
138 378
139 100
140 378
141 378
142 149
143 240
144 324
145 179
146 324
147 179
148 150
149 88
150 269
151 269
152 40
153 151
154 89
155 309
156 54
157 327
158 309
159 31
160 173
161 173
162 332
163 63
164 126
165 91
166 240
167 159
168 111
169 295
170 254
171 89
172 244
173 254
174 103
175 222
176 29
177 324
178 5
179 204
180 5
181 85
182 69
183 159
184 86
185 383
186 290
187 344
188 359
189 308
190 105
191 325
192 89
193 21
194 151
195 390
196 201
197 126
198 199
199 356
200 258
201 356
202 88
203 35
204 200
205 54
206 309
207 122
208 238
209 382
210 298
211 385
212 139
213 385
214 298
215 268
216 176
217 11
218 389
219 62
220 344
221 33
222 191
223 362
224 27
225 53
226 348
227 77
228 376
229 77
230 97
231 147
232 168
233 193
234 287
235 305
236 90
237 322
238 250
239 28
240 61
241 51
242 46
243 166
244 387
245 387
246 142
247 393
248 320
249 374
250 199
251 199
252 155
253 269
254 351
255 325
256 298
257 324
258 324
259 298
260 193
261 275
262 299
263 389
264 247
265 222
266 370
267 295
268 159
269 250
270 241
271 34
272 158
273 126
274 385
275 84
276 8
277 20
278 318
279 345
280 33
281 263
282 64
283 77
284 186
285 107
286 227
287 386
288 88
289 171
290 365
291 198
292 383
293 393
294 158
295 209
296 276
297 90
298 269
299 8
300 383
301 349
302 201
303 127
304 90
305 90
306 167
307 47
308 270
309 121
310 209
311 276
312 299
313 159
314 358
315 121
316 129
317 13
318 217
319 387
320 136
321 350
322 303
323 152
324 222
325 383
326 222
327 81
328 267
329 235
330 85
331 204
332 275
333 267
334 398
335 275
336 138
337 357
338 80
339 196
340 127
341 235
342 16
343 134
344 170
345 36
346 379
347 268
348 379
349 192
350 359
351 222
352 102
353 263
354 82
355 299
356 392
357 303
358 392
359 155
360 158
361 351
362 291
363 156
364 82
365 136
366 361
367 77
368 128
369 174
370 232
371 11
372 17
373 99
374 379
375 292
376 232
377 148
378 318
379 267
380 76
381 38
382 235
383 197
384 240
385 150
386 187
387 150
388 363
389 33
390 188
391 292
392 181
393 392
394 152
395 226
396 23
397 292
