1 
2 19 119 
3 22 31 116 122 
4 140 
5 29 208 
6 
7 157 206 
8 
9 86 222 281 390 
10 
11 
12 
13 44 
14 15 65 68 
16 120 
17 
18 118 
20 23 
21 226 
24 
25 
26 
27 
28 107 112 
30 101 374 
32 161 162 
33 154 195 
34 
35 
36 
37 
38 72 
39 241 
40 
41 105 
42 
43 103 224 
45 
46 155 172 193 
47 164 
48 
49 
50 329 334 380 
51 138 344 
52 
53 114 
54 
55 62 
56 151 152 254 299 
57 
58 89 
59 288 
60 
61 
63 64 
66 67 
69 83 
70 285 
71 211 215 257 260 
73 160 
74 225 
75 371 377 
76 376 392 398 
77 
78 82 
79 
80 
81 292 
84 125 
85 304 341 
87 
88 
90 309 
91 106 
92 
93 
94 
95 
96 163 
97 
98 
99 290 
100 
102 233 
104 291 
108 205 
109 239 270 
110 
111 129 
113 115 
117 166 
121 
123 
124 
126 
127 
128 
130 283 
131 
132 133 180 332 
134 135 347 349 375 
136 137 240 
139 141 142 
143 
144 167 385 
145 147 178 258 259 
146 148 
149 386 388 
150 203 289 
153 
156 159 207 
158 
165 198 274 
168 184 269 314 
169 
170 268 
171 174 
173 
175 
176 266 325 327 352 
177 
179 181 
182 331 
183 
185 
186 293 301 326 
187 
188 221 
189 351 
190 
191 
192 256 
194 
196 
197 303 
199 251 252 
200 202 
201 
204 
209 
210 
212 214 275 
213 
216 348 
217 
218 372 
219 264 
220 
223 
227 
228 230 284 368 
229 
231 
232 
234 261 
235 
236 
237 298 305 306 
238 
242 
243 
244 
245 246 320 
247 
248 294 
249 
250 
253 360 
255 362 
262 333 336 
263 313 356 
265 
267 
271 
272 
273 295 361 
276 
277 300 
278 
279 379 
280 
282 354 
286 
287 
296 311 
297 312 
302 
307 
308 
310 316 
315 
317 
318 
319 
321 366 
322 
323 358 
324 395 
328 
330 342 383 
335 
337 
338 
339 
340 
343 
345 
346 
350 
353 
355 365 
357 359 394 
363 
364 
367 
369 
370 
373 
378 
381 
382 
384 
387 
389 
391 
393 
396 
397 
