0 1
1 2
2 3
3 4
4 1
5 4
6 3
7 5
8 5
9 1
10 4
11 6
12 7
13 3
14 7
15 3
16 1
17 8
18 7
19 9
20 8
21 5
22 5
23 1
24 6
25 2
26 7
27 8
28 6
29 9
30 9
31 7
32 3
33 2
34 7
35 9
36 7
37 2
38 7
39 3
40 4
41 1
42 7
43 7
44 10
45 2
46 11
47 3
48 10
49 11
50 6
51 5
52 4
53 11
54 7
55 9
56 8
57 10
58 12
59 12
60 3
61 7
62 8
63 12
64 3
65 8
66 10
67 11
68 5
69 6
70 8
71 7
72 4
73 11
74 4
75 10
76 8
77 5
78 5
79 9
80 9
81 4
82 4
83 11
84 4
85 7
86 10
87 8
88 11
89 2
90 6
91 10
92 10
93 1
94 9
95 8
96 8
97 12
98 4
99 7
100 3
101 9
102 4
103 2
104 1
105 2
106 3
107 4
108 5
109 2
110 11
111 5
112 10
113 8
114 11
