0 752
1 446
2 1185
3 905
4 662
5 333
6 765
7 376
8 1222
9 583
10 912
11 134
12 1010
13 601
14 116
15 706
16 1182
17 161
18 1141
19 675
20 272
21 444
22 175
23 297
24 297
25 481
26 590
27 161
28 236
29 472
30 852
31 965
32 706
33 632
34 180
35 658
36 241
37 49
38 816
39 444
40 1260
41 16
42 175
43 227
44 786
45 391
46 1087
47 591
48 947
49 38
50 323
51 77
52 1259
53 76
54 20
55 642
56 639
57 655
58 1121
59 502
60 925
61 82
62 662
63 341
64 1091
65 376
66 180
67 886
68 515
69 1182
70 909
71 391
72 1263
73 620
74 372
75 1076
76 849
77 803
78 198
79 484
80 699
81 556
82 224
83 775
84 338
85 827
86 86
87 404
88 124
89 112
90 449
91 1212
92 1062
93 591
94 497
95 259
96 718
97 1181
98 695
99 675
100 685
101 770
102 313
103 983
104 826
105 814
106 238
107 219
108 366
109 1188
110 513
111 426
112 1087
113 439
114 164
115 397
116 1002
117 650
118 758
119 487
120 147
121 751
122 1114
123 794
124 941
125 845
126 659
127 404
128 898
129 654
130 265
131 1242
132 652
133 1228
134 14
135 556
136 92
137 388
138 550
139 244
140 592
141 810
142 1230
143 713
144 435
145 1255
146 227
147 591
148 275
149 718
150 812
151 737
152 132
153 238
154 489
155 1222
156 496
157 1007
158 796
159 166
160 1032
161 1090
162 408
163 648
164 752
165 885
166 766
167 421
168 99
169 171
170 666
171 600
172 666
173 515
174 679
175 758
176 1006
177 1050
178 592
179 934
180 591
181 864
182 1115
183 742
184 362
185 1145
186 396
187 1055
188 222
189 569
190 926
191 1238
192 482
193 324
194 561
195 997
196 901
197 116
198 912
199 272
200 956
201 154
202 454
203 147
204 695
205 148
206 1060
207 945
208 931
209 76
210 112
211 1168
212 1095
213 824
214 883
215 355
216 1121
217 469
218 846
219 1238
220 138
221 182
222 272
223 583
224 6
225 242
226 733
227 789
228 411
229 214
230 202
231 1153
232 469
233 953
234 1123
235 295
236 382
237 1010
238 742
239 701
240 1090
241 869
242 1053
243 180
244 1075
245 330
246 774
247 156
248 483
249 398
250 1191
251 854
252 585
253 144
254 201
255 891
256 363
257 523
258 1231
259 125
260 239
261 865
262 823
263 468
264 1231
265 469
266 989
267 663
268 505
269 485
270 605
271 557
272 204
273 239
274 869
275 368
276 582
277 628
278 94
279 377
280 991
281 14
282 341
283 221
284 273
285 136
286 690
287 668
288 296
289 1091
290 1047
291 1247
292 358
293 438
294 596
295 1159
296 625
297 32
298 161
299 778
300 585
301 1
302 686
303 350
304 832
305 1085
306 682
307 923
308 250
309 322
310 394
311 266
312 771
313 489
314 522
315 288
316 1211
317 267
318 1038
319 751
320 766
321 443
322 579
323 586
324 14
325 1148
326 200
327 570
328 874
329 784
330 780
331 82
332 1220
333 100
334 260
335 389
336 192
337 385
338 330
339 190
340 218
341 974
342 481
343 1202
344 629
345 971
346 1064
347 1243
348 1091
349 658
350 483
351 388
352 1074
353 595
354 1092
355 393
356 657
357 355
358 587
359 968
360 962
361 161
362 741
363 106
364 594
365 981
366 680
367 268
368 806
369 366
370 41
371 833
372 1099
373 1045
374 1030
375 964
376 702
377 278
378 818
379 195
380 1001
381 656
382 648
383 1135
384 552
385 252
386 27
387 1042
388 46
389 515
390 405
391 113
392 912
393 35
394 1216
395 1043
396 179
397 1009
398 266
399 1150
400 1176
401 280
402 120
403 291
404 601
405 1173
406 1187
407 935
408 147
409 1073
410 662
411 197
412 1227
413 348
414 1226
415 111
416 723
417 681
418 1234
419 448
420 184
421 1147
422 1152
423 1068
424 542
425 1157
426 495
427 174
428 959
429 884
430 320
431 1265
432 49
433 958
434 494
435 1111
436 1209
437 1212
438 995
439 45
440 1000
441 524
442 311
443 1123
444 835
445 821
446 255
447 466
448 1066
449 566
450 924
451 1189
452 517
453 996
454 866
455 626
456 875
457 531
458 300
459 208
460 1139
461 590
462 339
463 1117
464 620
465 982
466 1198
467 238
468 1061
469 826
470 1156
471 998
472 498
473 354
474 67
475 796
476 1084
477 510
478 236
479 629
480 1154
481 571
482 393
483 176
484 655
485 1175
486 1127
487 257
488 132
489 1155
490 1112
491 1180
492 1040
493 162
494 1081
495 779
496 791
497 515
498 331
499 949
500 390
501 1105
502 165
503 337
504 764
505 1246
506 1194
507 1124
508 1070
509 597
510 1228
511 1141
512 737
513 61
514 245
515 15
516 1253
517 59
518 576
519 952
520 754
521 224
522 36
523 947
524 454
525 781
526 812
527 254
528 738
529 392
530 397
531 904
532 859
533 1004
534 107
535 724
536 32
537 1219
538 1026
539 271
540 591
541 65
542 687
543 519
544 53
545 121
546 902
547 532
548 585
549 262
550 1184
551 1084
552 665
553 554
554 1190
555 99
556 619
557 776
558 268
559 747
560 186
561 360
562 622
563 406
564 127
565 117
566 807
567 573
568 696
569 49
570 477
571 215
572 876
573 97
574 140
575 31
576 716
577 1103
578 1186
579 608
580 621
581 611
582 559
583 1129
584 319
585 177
586 591
587 1019
588 761
589 183
590 68
591 979
592 641
593 135
594 133
595 577
596 660
597 997
598 284
599 384
600 856
601 150
602 187
603 1035
604 396
605 975
606 944
607 804
608 375
609 1105
610 533
611 20
612 897
613 229
614 455
615 680
616 340
617 1205
618 823
619 40
620 81
621 1
622 126
623 401
624 894
625 441
626 1028
627 1048
628 1214
629 664
630 308
631 1177
632 903
633 588
634 877
635 67
636 694
637 299
638 1094
639 534
640 28
641 107
642 544
643 659
644 1022
645 646
646 73
647 843
648 1005
649 560
650 861
651 765
652 922
653 172
654 359
655 727
656 1258
657 1218
658 415
659 915
660 1119
661 620
662 370
663 453
664 732
665 73
666 896
667 779
668 766
669 800
670 577
671 939
672 588
673 541
674 11
675 679
676 929
677 670
678 757
679 71
680 96
681 492
682 108
683 604
684 1223
685 1049
686 1122
687 66
688 984
689 1106
690 966
691 873
692 98
693 1144
694 731
695 673
696 33
697 721
698 403
699 93
700 809
701 703
702 233
703 78
704 517
705 181
706 1067
707 379
708 649
709 648
710 1193
711 887
712 1025
713 700
714 316
715 66
716 537
717 837
718 356
719 645
720 193
721 727
722 1135
723 525
724 623
725 581
726 414
727 464
728 1257
729 226
730 1142
731 434
732 1263
733 1241
734 646
735 80
736 565
737 921
738 37
739 623
740 589
741 467
742 862
743 216
744 180
745 729
746 153
747 24
748 465
749 1071
750 503
751 603
752 1113
753 5
754 128
755 298
756 753
757 893
758 428
759 913
760 994
761 1039
762 151
763 346
764 1195
765 808
766 836
767 1133
768 911
769 709
770 866
771 29
772 1132
773 1185
774 419
775 417
776 1236
777 1268
778 1012
779 1035
780 2
781 24
782 279
783 844
784 1027
785 839
786 907
787 225
788 834
789 418
790 17
791 181
792 327
793 1071
794 667
795 158
796 383
797 1013
798 750
799 928
800 1122
801 1201
802 864
803 612
804 228
805 452
806 30
807 992
808 395
809 692
810 325
811 1059
812 1245
813 353
814 475
815 57
816 450
817 1054
818 8
819 104
820 375
821 1101
822 140
823 157
824 1224
825 1204
826 213
827 269
828 371
829 838
830 54
831 1183
832 413
833 429
834 173
835 811
836 511
837 478
838 376
839 414
840 64
841 520
842 476
843 850
844 950
845 42
846 473
847 529
848 212
849 1158
850 486
851 752
852 185
853 1236
854 423
855 364
856 1003
857 1037
858 802
859 355
860 56
861 298
862 984
863 644
864 488
865 1213
866 1080
867 563
868 811
869 361
870 402
871 458
872 954
873 119
874 1063
875 131
876 194
877 1231
878 163
879 199
880 422
881 1225
882 442
883 335
884 336
885 1183
886 1054
887 381
888 115
889 253
890 142
891 497
892 246
893 409
894 540
895 872
896 851
897 1104
898 975
899 646
900 210
901 190
902 474
903 18
904 1125
905 979
906 1031
907 1142
908 1104
909 1184
910 1042
911 825
912 4
913 899
914 574
915 307
916 636
917 1112
918 987
919 610
920 782
921 367
922 735
923 756
924 613
925 593
926 549
927 950
928 841
929 783
930 274
931 1078
932 900
933 314
934 12
935 442
936 768
937 595
938 1136
939 122
940 85
941 643
942 863
943 599
944 1078
945 52
946 74
947 1065
948 9
949 143
950 374
951 247
952 347
953 1100
954 949
955 1261
956 793
957 571
958 301
959 710
960 19
961 1163
962 1216
963 352
964 222
965 858
966 527
967 792
968 463
969 711
970 928
971 1212
972 776
973 893
974 1072
975 466
976 785
977 907
978 955
979 1015
980 672
981 36
982 203
983 1117
984 1256
985 416
986 270
987 829
988 394
989 784
990 253
991 707
992 1109
993 526
994 62
995 535
996 141
997 913
998 189
999 635
1000 48
1001 1146
1002 145
1003 970
1004 418
1005 548
1006 973
1007 788
1008 29
1009 819
1010 528
1011 75
1012 609
1013 801
1014 584
1015 97
1016 1014
1017 292
1018 1031
1019 236
1020 683
1021 1206
1022 638
1023 574
1024 203
1025 387
1026 855
1027 868
1028 516
1029 503
1030 631
1031 351
1032 133
1033 746
1034 350
1035 49
1036 289
1037 993
1038 1203
1039 615
1040 285
1041 697
1042 640
1043 590
1044 160
1045 977
1046 1057
1047 438
1048 1172
1049 346
1050 951
1051 1262
1052 138
1053 271
1054 329
1055 634
1056 829
1057 1164
1058 302
1059 1229
1060 1039
1061 1261
1062 472
1063 508
1064 3
1065 346
1066 22
1067 172
1068 1248
1069 1136
1070 387
1071 1146
1072 242
1073 892
1074 1015
1075 65
1076 1217
1077 518
1078 708
1079 671
1080 772
1081 1044
1082 746
1083 1237
1084 303
1085 514
1086 527
1087 1046
1088 160
1089 1169
1090 976
1091 490
1092 220
1093 918
1094 1229
1095 1194
1096 725
1097 440
1098 1137
1099 923
1100 21
1101 878
1102 759
1103 464
1104 1252
1105 61
1106 254
1107 1023
1108 1210
1109 492
1110 1052
1111 115
1112 63
1113 50
1114 916
1115 148
1116 927
1117 1008
1118 1025
1119 815
1120 177
1121 62
1122 840
1123 136
1124 617
1125 1197
1126 634
1127 970
1128 411
1129 294
1130 890
1131 530
1132 1207
1133 251
1134 194
1135 1195
1136 454
1137 342
1138 173
1139 0
1140 999
1141 735
1142 622
1143 1180
1144 1192
1145 25
1146 290
1147 490
1148 1133
1149 1252
1150 1223
1151 851
1152 441
1153 1138
1154 1005
1155 146
1156 633
1157 249
1158 967
1159 7
1160 350
1161 936
1162 846
1163 1179
1164 412
1165 344
1166 637
1167 17
1168 186
1169 637
1170 1034
1171 352
1172 392
1173 999
1174 351
1175 3
1176 888
1177 919
1178 1103
1179 504
1180 914
1181 540
1182 308
1183 797
1184 649
1185 1120
1186 725
1187 343
1188 326
1189 1036
1190 870
1191 1118
1192 1028
1193 529
1194 141
1195 480
1196 399
1197 74
1198 486
1199 81
1200 701
1201 700
1202 1175
1203 400
1204 78
1205 148
1206 835
1207 83
1208 524
1209 795
1210 831
1211 71
1212 185
1213 169
1214 991
1215 1108
1216 993
1217 13
1218 160
1219 52
1220 602
1221 693
1222 826
1223 734
1224 79
1225 717
1226 822
1227 303
1228 1011
1229 820
1230 509
1231 507
1232 1166
1233 292
1234 364
1235 403
1236 460
1237 111
1238 213
1239 169
1240 833
1241 837
1242 396
1243 81
1244 373
1245 420
1246 289
1247 1014
1248 1264
1249 763
1250 1201
1251 75
1252 56
1253 611
1254 1262
1255 185
1256 990
1257 206
1258 403
1259 509
1260 535
1261 365
1262 994
1263 645
1264 1077
1265 102
1266 43
1267 15
1268 263
1269 1001
1270 621
1271 1012
