1 165 852 
2 
3 774 
4 
5 63 411 
6 
7 652 
8 66 839 
9 156 
10 224 
11 199 393 
12 
13 238 
14 405 
15 198 
16 33 
17 70 
18 28 299 362 
19 512 
20 100 
21 200 223 
22 40 
23 43 
24 25 
26 343 
27 462 1044 
29 479 1020 
30 1063 
31 
32 
34 
35 67 244 745 
36 350 
37 
38 433 570 1036 
39 
41 
42 
44 147 
45 
46 72 
47 113 
48 94 148 181 541 587 
49 524 
50 
51 
52 
53 
54 210 
55 612 
56 
57 
58 485 
59 217 
60 
61 
62 332 
64 283 
65 290 349 
68 
69 174 390 498 
71 
73 733 
74 465 662 
75 
76 
77 
78 
79 
80 
81 
82 136 
83 522 
84 
85 
86 
87 
88 128 
89 
90 211 
91 
92 438 972 
93 
95 892 
96 
97 150 
98 
99 205 
101 
102 
103 
104 
105 470 1223 
106 
107 154 468 
108 
109 370 
110 
111 
112 
114 
115 
116 531 
117 
118 
119 176 
120 
121 204 409 
122 320 
123 
124 
125 
126 
127 644 
129 
130 
131 
132 
133 
134 511 
135 282 325 
137 
138 352 
139 
140 
141 179 
142 
143 
144 
145 
146 
149 
151 527 
152 513 
153 489 
155 314 
157 
158 
159 476 
160 
161 
162 241 
163 
164 383 710 
166 
167 321 669 
168 
169 556 
170 
171 173 
172 
175 676 
177 
178 
180 
182 803 
183 
184 239 
185 
186 
187 605 1243 
188 
189 965 
190 
191 
192 220 
193 
194 
195 
196 598 
197 
201 
202 
203 525 1137 
206 1116 1206 
207 
208 
209 
212 
213 
214 
215 
216 358 860 
218 233 266 
219 1163 
221 1053 
222 
225 
226 1073 
227 
228 
229 1129 
230 
231 
232 
234 
235 444 
236 
237 
240 1201 
242 275 
243 
245 
246 339 
247 
248 
249 351 
250 
251 
252 
253 301 549 
254 
255 
256 
257 
258 
259 265 878 
260 
261 274 
262 
263 619 
264 
267 
268 
269 
270 
271 
272 
273 
276 
277 
278 
279 
280 
281 1215 
284 
285 
286 1124 
287 
288 
289 
291 
292 
293 
294 1048 
295 
296 
297 
298 537 
300 
302 622 
303 
304 1035 1161 
305 
306 
307 
308 1100 
309 
310 
311 989 
312 399 
313 
315 
316 
317 
318 
319 
322 
323 
324 
326 
327 
328 
329 
330 990 
331 
333 
334 
335 
336 
337 
338 
340 902 
341 
342 
344 
345 480 
346 
347 
348 
353 
354 938 
355 
356 483 
357 
359 
360 
361 
363 
364 
365 
366 
367 616 
368 559 
369 
371 
372 1241 
373 
374 
375 
376 
377 
378 
379 
380 
381 1270 
382 
384 723 
385 
386 
387 
388 911 
389 
391 
392 
394 
395 963 
396 
397 
398 
400 
401 
402 
403 
404 
406 
407 
408 
410 
412 
413 
414 
415 
416 1238 
417 
418 
419 
420 
421 
422 
423 
424 
425 
426 
427 
428 
429 
430 
431 
432 
434 
435 
436 
437 
439 
440 
441 
442 1209 
443 
445 1207 
446 
447 
448 976 
449 
450 
451 
452 
453 705 
454 
455 771 
456 
457 
458 
459 
460 
461 
463 
464 984 
466 
467 
469 
471 
472 
473 
474 
475 636 
477 552 
478 
481 
482 958 
484 
486 1203 
487 
488 
490 
491 918 
492 1144 
493 
494 
495 
496 668 
497 
499 
500 955 
501 
502 610 
503 
504 
505 
506 
507 1096 
508 
509 
510 
514 1106 
515 
516 1268 
517 
518 
519 
520 
521 
523 982 
526 
528 1107 
529 
530 1173 
532 
533 
534 
535 642 
536 
538 
539 
540 1054 
542 1076 
543 
544 
545 
546 
547 
548 
550 
551 910 
553 
554 
555 
557 
558 973 
560 
561 1169 
562 
563 1143 
564 
565 
566 
567 
568 
569 
571 
572 
573 
574 1016 
575 823 
576 
577 
578 1179 
579 
580 
581 1271 
582 1254 
583 
584 
585 
586 1121 
588 
589 
590 
591 
592 906 
593 
594 
595 1033 
596 671 
597 
599 
600 
601 
602 
603 
604 780 
606 899 
607 
608 
609 821 
611 
613 
614 
615 
617 
618 
620 
621 1200 1244 
623 
624 
625 
626 1153 
627 1193 
628 
629 
630 
631 1183 
632 
633 
634 673 
635 
637 
638 
639 
640 
641 
643 
645 
646 735 900 
647 666 
648 
649 1155 
650 
651 
653 
654 1068 
655 
656 722 
657 
658 
659 
660 
661 
663 
664 
665 
667 
670 
672 
674 
675 
677 
678 
679 
680 1212 
681 
682 1110 
683 
684 
685 1151 
686 
687 801 
688 716 
689 863 
690 
691 
692 
693 
694 
695 
696 
697 
698 
699 1236 1259 
700 
701 
702 
703 
704 1205 
706 792 
707 
708 
709 1185 
711 
712 
713 1119 
714 1202 
715 
717 
718 1242 
719 
720 1264 
721 
724 
725 740 
726 
727 840 
728 1104 
729 
730 
731 908 
732 
734 
736 
737 
738 
739 
741 
742 
743 
744 
746 
747 
748 782 
749 
750 794 
751 1030 
752 
753 
754 
755 
756 862 
757 
758 974 
759 
760 998 
761 1263 
762 1061 
763 
764 1050 1066 
765 1136 
766 
767 
768 1149 
769 
770 
772 1009 
773 
775 
776 
777 854 
778 
779 1272 
781 
783 
784 
785 
786 
787 978 
788 
789 
790 1005 
791 1168 
793 
795 
796 
797 
798 
799 
800 971 
802 1251 
804 
805 
806 
807 
808 
809 
810 
811 
812 
813 
814 
815 
816 
817 
818 887 
819 
820 
822 
824 
825 
826 
827 1239 
828 
829 
830 
831 
832 886 
833 
834 
835 1139 
836 869 
837 
838 
841 
842 
843 
844 
845 928 
846 
847 
848 1194 
849 
850 
851 1199 
853 1213 1256 
855 
856 1235 
857 
858 
859 
861 1253 
864 
865 
866 
867 
868 
870 
871 
872 
873 
874 
875 
876 
877 1135 
879 
880 
881 
882 
883 936 
884 
885 
888 
889 1112 
890 991 
891 
893 
894 
895 1182 
896 
897 1152 
898 909 
901 
903 
904 
905 
907 1019 
912 
913 
914 
915 1024 
916 
917 
919 
920 
921 
922 
923 1142 
924 
925 
926 
927 
929 
930 
931 
932 945 
933 
934 
935 
937 
939 1070 
940 
941 
942 
943 
944 
946 1220 
947 1198 
948 
949 
950 
951 
952 
953 
954 
956 1062 
957 
959 
960 
961 
962 
964 1172 
966 
967 1087 
968 
969 
970 
975 
977 
979 
980 1075 
981 
983 1025 
985 
986 
987 
988 1057 
992 
993 
994 
995 1122 
996 1261 
997 1195 
999 
1000 
1001 
1002 1072 
1003 
1004 1128 
1006 
1007 
1008 
1010 
1011 
1012 1252 
1013 
1014 
1015 
1017 1248 
1018 1234 
1021 
1022 
1023 
1026 1071 
1027 
1028 
1029 
1031 
1032 1175 
1034 1083 
1037 1247 
1038 1217 
1039 
1040 
1041 
1042 
1043 
1045 1089 1219 
1046 
1047 
1049 
1051 
1052 1255 
1055 
1056 1127 
1058 
1059 
1060 1095 
1064 
1065 1176 
1067 
1069 
1074 
1077 
1078 
1079 
1080 
1081 
1082 
1084 
1085 1228 
1086 
1088 
1090 
1091 
1092 1148 
1093 
1094 
1097 1187 
1098 
1099 
1101 
1102 
1103 
1105 1150 
1108 
1109 
1111 
1113 
1114 
1115 
1117 
1118 
1120 
1123 
1125 
1126 
1130 
1131 
1132 
1133 
1134 
1138 
1140 
1141 1174 
1145 
1146 
1147 
1154 
1156 
1157 
1158 
1159 
1160 
1162 
1164 
1165 
1166 
1167 1170 
1171 
1177 
1178 
1180 
1181 
1184 
1186 
1188 
1189 
1190 
1191 
1192 
1196 
1197 
1204 
1208 
1210 
1211 
1214 1240 
1216 
1218 
1221 
1222 
1224 
1225 
1226 
1227 
1229 
1230 
1231 1260 
1232 
1233 
1237 
1245 
1246 
1249 
1250 
1257 
1258 
1262 
1265 
1266 
1267 
1269 
