1 3 4 5 7 10 11 12 13 14 17 18 20 21 22 23 25 26 27 28 29 31 32 36 40 42 44 46 50 52 54 55 56 57 58 59 66 68 69 70 71 73 74 75 83 84 85 93 96 99 100 101 111 112 113 114 115 116 117 118 119 120 127 136 139 141 146 147 148 150 152 154 156 158 163 167 168 172 173 175 176 182 185 186 191 194 195 198 200 202 203 205 207 212 219 220 221 222 223 224 228 231 233 234 235 236 
2 6 8 15 16 19 24 30 33 34 35 37 39 41 43 47 48 51 53 60 62 63 65 76 77 78 79 81 82 87 89 90 91 92 95 98 102 104 105 106 107 108 109 122 124 125 130 131 132 133 134 135 138 142 145 151 153 155 157 159 160 161 165 166 169 170 171 174 177 179 180 187 188 189 190 193 196 197 199 201 206 211 214 225 227 230 232 
9 80 86 88 121 140 144 178 183 184 204 208 209 213 217 
38 45 64 67 72 97 103 110 126 128 162 164 192 215 216 226 229 
49 
61 
94 
123 
129 
137 
143 
149 
181 
210 
218 
