0 1
1 1
2 1
3 1
4 1
5 1
6 1
7 1
8 1
9 1
10 1
11 1
12 1
13 1
14 1
15 1
16 1
17 1
18 1
19 1
20 1
21 1
22 2
23 1
24 1
25 1
26 2
27 1
28 1
29 1
30 1
31 1
32 1
33 1
34 1
35 1
36 1
37 1
38 1
39 1
40 1
41 2
42 1
43 1
44 1
45 1
46 1
47 1
48 1
49 2
50 1
51 1
52 1
53 1
54 1
55 1
56 1
57 1
58 1
59 2
60 1
61 1
62 3
63 1
64 2
65 1
66 1
67 1
68 1
69 1
70 1
71 1
72 1
73 1
74 1
75 1
76 1
77 1
78 1
79 1
80 1
81 1
82 1
83 1
84 1
85 1
86 1
87 2
88 1
89 1
90 1
91 1
92 1
93 1
94 1
95 1
96 1
97 1
98 1
99 1
100 1
101 1
102 1
103 1
104 1
105 1
106 1
107 1
108 1
109 1
110 1
111 1
112 2
113 2
114 2
115 1
116 1
117 1
118 1
119 1
120 1
121 1
122 1
123 1
124 1
125 1
126 1
127 1
128 1
129 1
130 2
131 2
132 2
133 1
134 1
135 1
136 1
137 1
138 1
139 1
140 1
141 1
142 1
143 1
144 1
145 1
146 2
147 1
148 1
149 1
150 2
151 1
152 1
153 1
154 2
155 2
156 2
157 1
158 1
159 1
160 1
161 1
162 1
163 1
164 1
165 1
166 2
167 2
168 2
169 1
170 1
171 1
172 1
173 1
174 1
175 1
176 1
177 1
178 1
179 1
180 1
181 1
182 2
183 1
184 2
185 1
186 1
187 1
188 1
189 1
190 2
191 2
192 4
193 4
194 4
195 1
196 1
197 1
198 1
199 1
200 1
201 1
202 2
203 2
204 2
205 1
206 2
207 2
208 2
209 2
210 2
211 1
212 1
213 1
214 2
215 1
216 1
217 2
218 2
219 1
220 2
221 2
222 2
223 2
224 1
225 1
226 1
227 1
228 1
229 2
230 2
231 2
232 2
233 1
234 1
235 2
236 2
237 2
238 2
239 1
240 2
241 2
242 2
243 1
244 1
245 2
246 1
247 2
248 1
249 1
250 1
251 1
252 1
253 1
254 1
255 2
256 1
257 1
258 2
259 2
260 2
261 1
262 2
263 1
264 1
265 2
266 2
267 2
268 1
269 1
270 1
271 1
272 1
273 2
274 1
275 1
276 1
277 2
278 2
279 2
280 1
281 2
282 2
283 1
284 1
285 2
286 2
287 2
288 1
289 1
290 2
291 2
292 1
293 2
294 1
295 1
296 2
297 2
298 2
299 1
300 1
301 1
302 2
303 2
304 2
305 2
306 2
307 2
308 2
309 2
310 2
311 2
312 2
313 2
314 1
315 1
316 1
317 2
318 2
319 2
320 2
321 2
322 2
323 2
324 2
325 2
326 2
327 2
328 2
329 2
330 2
331 2
332 2
333 2
334 2
335 2
336 2
337 2
338 1
339 2
340 2
341 2
342 2
343 2
344 2
345 2
346 2
347 2
348 2
349 2
350 2
351 2
352 2
353 2
354 2
355 2
356 2
357 2
358 2
359 2
360 2
361 2
362 2
363 2
364 2
365 2
366 2
367 1
368 2
369 2
370 2
371 2
372 2
373 2
374 2
375 2
376 2
377 2
378 2
379 2
380 2
381 2
382 2
383 2
384 2
385 2
386 2
387 2
388 1
389 1
390 1
391 1
392 2
393 2
394 2
395 2
396 2
397 2
