0 252
1 292
2 74
3 12
4 252
5 110
6 129
7 148
8 36
9 252
10 292
11 5
12 66
13 129
14 160
15 84
16 224
17 263
18 90
19 139
20 147
21 116
22 174
23 84
24 84
25 79
26 84
27 268
28 221
29 162
30 167
31 148
32 68
33 268
34 69
35 75
36 264
37 116
38 268
39 91
40 37
41 263
42 192
43 75
44 200
45 178
46 261
47 129
48 129
49 31
50 44
51 90
52 116
53 187
54 37
55 295
56 174
57 178
58 148
59 160
60 200
61 200
62 266
63 12
64 266
65 110
66 160
67 74
68 84
69 116
70 139
71 174
72 292
73 94
74 129
75 147
76 75
77 75
78 162
79 181
80 271
81 142
82 261
83 79
84 292
85 33
86 264
87 252
88 259
89 73
90 129
91 162
92 12
93 264
94 25
95 22
96 159
97 200
98 158
99 160
100 273
101 291
102 73
103 125
104 181
105 245
106 94
107 54
108 252
109 67
110 243
111 153
112 78
113 291
114 160
115 164
116 273
117 57
118 267
119 52
120 224
121 262
122 262
123 52
124 262
125 98
126 214
127 123
128 164
129 12
130 292
131 222
132 182
133 160
134 42
135 291
136 73
137 12
138 38
139 30
140 114
141 189
142 112
143 226
144 189
145 189
146 112
147 258
148 112
149 181
150 267
151 207
152 264
153 172
154 103
155 207
156 264
157 269
158 292
159 207
160 188
161 172
162 267
163 59
164 212
165 264
166 57
167 104
168 66
169 193
170 66
171 34
172 66
173 57
174 278
175 70
176 70
177 60
178 207
179 207
180 200
181 267
182 175
183 60
184 158
185 34
186 112
187 120
188 152
189 264
190 25
191 112
192 269
193 57
194 57
195 153
196 281
197 207
198 52
199 156
200 281
201 110
202 160
203 120
204 241
205 292
206 192
207 22
208 291
209 94
210 57
211 33
212 182
213 252
214 129
215 138
216 138
217 34
218 147
219 246
220 65
221 227
222 78
223 99
224 291
225 287
226 68
227 104
228 189
229 189
230 103
231 103
232 102
233 239
234 150
235 244
236 252
237 14
238 112
239 9
240 148
241 224
242 25
243 101
244 112
245 249
246 43
247 236
248 236
249 264
250 153
251 196
252 223
253 60
254 98
255 57
256 65
257 60
258 155
259 158
260 82
261 83
262 232
263 98
264 40
265 100
266 231
267 200
268 53
269 180
270 208
271 173
272 173
273 282
274 195
275 272
276 206
277 195
278 195
279 1
280 42
281 145
282 246
283 112
284 264
285 11
286 62
287 285
288 19
289 211
290 176
291 194
292 157
293 76
294 200
295 13
296 205
