1 5 10 88 109 214 237 
2 11 73 85 131 159 206 
3 68 
4 64 93 130 138 
6 66 202 
7 14 48 49 75 91 215 
8 32 59 241 
9 
12 
13 169 171 173 
15 60 67 100 115 134 203 
16 24 25 27 69 
17 121 242 
18 42 
19 52 
20 71 
21 76 219 
22 38 53 70 
23 57 72 
26 84 
28 34 39 
29 
30 79 92 
31 
33 227 
35 
36 44 77 78 
37 87 94 153 157 166 190 250 285 
40 
41 55 
43 207 
45 61 62 98 181 268 295 
46 58 
47 83 
50 
51 
54 
56 
63 65 
74 107 210 
80 105 150 
81 
82 
86 212 
89 
90 103 137 
95 191 243 
96 208 
97 
99 185 260 
101 117 
102 114 136 209 225 
104 
106 
108 
110 
111 
112 196 251 
113 223 
116 129 
118 167 174 194 195 211 256 
119 151 163 182 
120 124 199 
122 123 125 
126 255 264 
127 
128 
132 
133 213 
135 281 
139 
140 
141 
142 145 146 229 230 
143 147 149 187 192 239 245 284 
144 
148 
152 156 160 179 180 198 
154 162 
155 231 232 
158 193 
161 
164 
165 
168 228 
170 
172 186 218 
175 
176 177 
178 184 254 258 
183 
188 204 
189 
197 201 
200 
205 
216 217 
220 283 
221 257 
222 
224 
226 
233 
234 
235 
236 
238 
240 
244 
246 
247 
248 249 
252 
253 
259 
261 
262 
263 
265 
266 
267 
269 
270 
271 
272 273 
274 
275 278 279 
276 
277 
280 
282 
286 
287 
288 
289 
290 
291 
292 
293 
294 
296 
297 
