0 1
1 1
2 1
3 1
4 1
5 2
6 1
7 1
8 2
9 3
10 4
11 1
12 1
13 2
14 1
15 2
16 2
17 1
18 2
19 2
20 2
21 2
22 2
23 2
24 1
25 1
26 1
27 1
28 1
29 2
30 1
31 2
32 1
33 1
34 1
35 2
36 2
37 1
38 2
39 1
40 1
41 1
42 1
43 1
44 2
45 1
46 1
47 1
48 1
49 2
50 1
51 1
52 1
53 2
54 2
55 2
56 2
57 2
58 2
59 2
60 2
61 2
62 1
63 2
64 2
65 1
66 2
67 1
68 1
69 1
70 1
71 1
72 1
73 1
74 1
75 1
76 1
77 1
78 2
79 5
80 2
81 2
82 3
83 2
84 2
85 1
86 2
87 1
88 3
89 1
90 3
91 3
92 2
93 2
94 1
95 2
96 1
97 1
98 2
99 1
100 1
101 2
102 1
103 1
104 1
105 2
106 1
107 2
108 2
109 2
110 2
111 2
112 1
113 1
114 1
115 2
116 1
117 1
118 1
119 1
120 2
121 1
122 1
123 3
124 2
125 2
126 2
127 2
128 1
129 1
130 1
131 2
132 2
133 2
134 2
135 2
136 6
137 1
138 7
139 1
140 1
141 2
142 1
143 2
144 1
145 3
146 2
147 1
148 3
149 1
150 2
151 1
152 1
153 2
154 2
155 1
156 2
157 1
158 2
159 1
160 2
161 2
162 2
163 1
164 2
165 1
166 2
167 2
168 1
169 1
170 2
171 2
172 2
173 1
174 1
175 2
176 1
177 1
178 8
179 2
180 2
181 1
182 1
183 3
184 3
185 2
186 1
187 2
188 2
189 2
190 2
191 1
192 1
193 1
194 2
195 1
196 1
197 2
198 2
199 1
200 2
201 1
202 2
203 2
204 1
205 3
206 1
207 2
208 1
209 3
210 3
211 1
212 2
213 1
214 9
215 3
216 1
217 1
218 3
219 1
220 1
221 1
222 1
223 2
224 2
225 1
226 2
227 1
228 2
229 2
230 1
231 1
232 10
233 2
234 1
235 1
236 1
237 2
