1 2 3 4 5 7 8 12 13 15 18 25 26 27 28 29 31 33 34 35 38 40 41 42 43 44 46 47 48 49 51 52 53 63 66 68 69 70 71 72 73 74 75 76 77 78 86 88 90 95 97 98 100 101 103 104 105 107 113 114 115 117 118 119 120 122 123 129 130 131 138 140 141 143 145 148 150 152 153 156 158 160 164 166 169 170 174 175 177 178 182 183 187 192 193 194 196 197 200 202 205 207 209 212 214 217 218 220 221 222 223 226 228 231 232 235 236 237 
6 9 14 16 17 19 20 21 22 23 24 30 32 36 37 39 45 50 54 55 56 57 58 59 60 61 62 64 65 67 79 81 82 84 85 87 93 94 96 99 102 106 108 109 110 111 112 116 121 125 126 127 128 132 133 134 135 136 142 144 147 151 154 155 157 159 161 162 163 165 167 168 171 172 173 176 180 181 186 188 189 190 191 195 198 199 201 203 204 208 213 224 225 227 229 230 234 238 
10 83 89 91 92 124 146 149 184 185 206 210 211 216 219 
11 
80 
137 
139 
179 
215 
233 
