0 45
1 51
2 1
3 14
4 45
5 54
6 63
7 63
8 108
9 45
10 54
11 4
12 2
13 71
14 2
15 27
16 45
17 109
18 6
19 99
20 109
21 60
22 63
23 45
24 54
25 51
26 24
27 109
28 4
29 88
30 99
31 6
32 58
33 51
34 99
35 99
36 31
37 70
38 2
39 63
40 54
41 45
42 88
43 2
44 104
45 51
46 64
47 63
48 36
49 36
50 4
51 4
52 33
53 64
54 6
55 75
56 11
57 104
58 14
59 62
60 27
61 37
62 109
63 50
64 63
65 84
66 72
67 64
68 60
69 36
70 109
71 6
72 1
73 97
74 1
75 104
76 72
77 60
78 4
79 99
80 47
81 54
82 88
83 10
84 54
85 24
86 59
87 109
88 36
89 51
90 4
91 72
92 104
93 45
94 99
95 109
96 11
97 72
98 54
99 6
100 63
101 75
102 1
103 51
104 53
105 22
106 58
107 1
108 60
109 99
110 36
111 60
112 72
113 109
114 36
