0 1
1 1
2 1
3 1
4 1
5 1
6 1
7 1
8 1
9 2
10 3
11 2
12 1
13 1
14 1
15 1
16 1
17 1
18 1
19 1
20 1
21 1
22 1
23 2
24 1
25 1
26 1
27 1
28 1
29 1
30 1
31 1
32 4
33 1
34 1
35 1
36 1
37 1
38 1
39 1
40 1
41 1
42 1
43 1
44 1
45 4
46 1
47 2
48 4
49 2
50 2
51 2
52 2
53 2
54 2
55 1
56 2
57 4
58 1
59 2
60 2
61 2
62 2
63 2
64 1
65 1
66 1
67 1
68 1
69 1
70 2
71 1
72 1
73 1
74 2
75 2
76 1
77 2
78 2
79 2
80 2
81 2
82 1
83 1
84 2
85 2
86 2
87 4
88 4
89 4
90 1
91 2
92 2
93 2
94 1
95 1
96 1
97 1
98 1
99 1
100 1
101 1
102 2
103 1
104 1
105 1
106 2
107 2
108 4
109 2
110 2
111 1
112 2
113 2
114 2
115 1
116 1
117 1
118 1
119 1
120 1
121 1
122 1
123 1
124 1
125 1
126 1
127 1
128 2
129 2
130 2
131 2
132 2
133 2
134 2
135 2
136 2
137 2
138 1
139 1
140 1
141 1
142 2
143 1
144 4
145 1
146 4
147 2
148 2
149 2
150 1
151 2
152 1
153 1
154 4
155 1
156 1
157 4
158 1
159 1
160 1
161 2
162 1
163 1
164 2
165 2
166 2
167 4
168 4
169 4
170 4
171 4
172 4
173 4
174 4
175 2
176 2
177 2
178 2
179 2
180 2
181 2
182 2
183 4
184 2
185 2
186 2
187 2
188 2
189 2
190 4
191 4
192 4
193 4
194 4
195 4
196 4
197 4
198 4
199 4
200 4
201 4
202 1
203 1
204 1
205 1
206 1
207 1
208 2
209 1
210 2
211 2
212 2
213 2
214 2
215 2
216 2
217 2
218 2
219 1
220 2
221 2
222 2
223 1
224 1
225 1
226 2
227 2
228 2
229 2
230 2
231 4
232 1
233 2
234 1
235 1
236 2
237 4
238 4
239 2
240 2
241 1
242 1
243 1
244 1
245 1
246 1
247 1
248 1
249 1
250 4
251 2
252 2
253 1
254 1
255 4
256 2
257 2
258 2
259 2
260 2
261 2
262 2
263 2
264 2
265 2
266 4
267 4
268 4
269 4
270 1
271 1
272 2
273 2
274 2
275 1
276 1
277 2
278 4
279 2
280 2
281 2
282 2
283 2
284 1
285 2
286 1
287 2
288 2
289 2
290 1
291 2
292 2
293 2
294 1
295 1
296 2
297 2
298 2
299 2
300 2
301 2
302 1
303 2
304 2
305 2
306 2
307 2
308 2
309 2
310 5
311 2
312 2
313 2
314 2
315 2
316 2
317 2
318 2
319 2
320 2
321 2
322 2
323 2
324 2
325 2
326 2
327 2
328 2
329 2
330 2
331 2
332 2
333 2
334 2
335 2
336 2
337 2
338 2
339 2
340 2
341 2
342 2
343 2
344 2
345 2
346 2
347 2
348 2
349 2
350 2
351 2
352 2
353 2
354 2
355 2
356 2
357 2
358 2
359 2
360 2
361 2
362 2
363 2
364 2
365 2
366 2
367 2
368 2
369 2
370 2
371 2
372 2
373 2
374 2
375 2
376 2
377 2
378 2
379 2
380 2
381 2
382 2
383 2
384 2
385 2
386 2
387 2
388 2
389 2
390 2
391 2
392 2
393 2
394 2
395 2
396 2
397 2
